5
fp_0
-40
52
3
0
5
-7
-28
10
-7
2
-9
10
1
-14
-11
-4
1
-16
-26
-5
-17
11
-20
22
-9
fp_1
-36
52
3
0
6
-2
-27
17
-7
8
-9
17
0
-12
-14
-2
1
-17
-26
-10
-16
-12
-19
0
-15
15
-16
23
-9
fp_2
-40
52
3
2
-42
-29
-30
-14
-34
-25
-27
-20
7
-20
-28
3
-9
-28
-25
-19
-19
-21
-13
-11
1
0
-11
7
-6
8
-6
17
-1
7
-24
14
-17
2
-29
10
-22
fp_2
-40
52
3
0
8
-20
-28
3
-9
-28
-25
-19
-19
-21
-13
-11
1
0
-11
7
-6
8
-6
17
-1
7
-24
14
-17
2
-29
10
-22
-40
-26
-28
-16
fp_0
-40
52
3
0
5
-7
-29
11
-6
1
-10
10
1
-15
-11
-4
1
-17
-27
-6
-18
9
-21
20
-11
