4
run_0
-40
52
6
0
6
-13
-29
5
-16
-9
-18
8
-8
-18
-8
-7
-1
8
-15
21
-7
8
-26
13
-17
-19
-22
-13
-16
run_1
-40
52
4
0
5
-14
-32
3
-13
-17
-25
-10
-20
-10
-17
-2
-5
2
-17
8
-7
7
-10
12
1
run_2
-40
52
6
0
9
-16
-34
-1
-22
-9
-24
1
-11
-18
-22
-10
-12
-1
-27
8
-22
6
-20
13
-16
-10
-13
-3
-3
-17
-6
-10
2
-3
-14
5
-5
6
-16
13
-7
run_1
-40
52
4
0
4
-14
-34
3
-12
2
-17
11
0
-10
-14
-3
-4
-18
-25
-13
-19
