4
slide_0
-40
52
4
0
5
-8
-29
10
-6
-13
-15
-7
-10
11
-11
17
-5
-21
-6
-11
-1
-3
-5
6
0
slide_1
-40
52
3
3
-38
-12
-30
0
-32
-7
-19
-3
-21
-10
-13
-3
5
-13
-23
3
-1
10
-6
16
1
2
-14
7
-9
6
-8
10
-4
-20
-16
-10
-11
slide_1
-40
52
7
0
8
-13
-23
3
-1
10
-6
16
1
2
-14
7
-9
6
-8
10
-4
-20
-16
-10
-11
-36
-10
-31
0
-32
-5
-22
-2
-24
-8
-13
-3
slide_0
-40
52
3
0
6
-8
-27
10
-7
8
-19
16
-5
-1
-10
5
0
-14
-20
-7
-11
-24
-5
-13
0
-15
-10
-7
-3
